0000011111111100000
0000111111111110000
0001111111111111000
0011111110111111100
0111111000001111110
0111111000001111110
1111110000000111111
1111110000000111111
1111110000000111111
1111110000000111111
1111110000000111111
1111100000000011111
1111100000000011111
1111100000000011111
1111100000000011111
1111110000000111111
1111110000000111111
1111110000000111111
1111110000000111111
0111110000000111110
0111111000001111110
0111111000001111110
0011111110111111100
0001111111111111000
0000111111111110000
0000011111111100000
0000000000000000000
0000000000000000000
0000000000000000000
0000000000000000000
?
000000011100000
000111111100000
111111111100000
111111111100000
111111111100000
111101111100000
000001111100000
000001111100000
000001111100000
000001111100000
000001111100000
000001111100000
000001111100000
000001111100000
000001111100000
000001111100000
000001111100000
000001111100000
000001111100000
000001111100000
000001111100000
000001111100000
000001111100000
111111111111111
111111111111111
111111111111111
000000000000000
000000000000000
000000000000000
000000000000000
?
0001111111111000
0111111111111100
0111111111111110
0111110111111111
0110000000111111
0000000000111111
0000000000111111
0000000000011111
0000000000111111
0000000000111111
0000000001111111
0000000001111110
0000000011111110
0000000111111100
0000001111111000
0000011111110000
0000111111000000
0001111110000000
0011111100000000
0111111000000000
1111110000000000
1111110000000000
1111111111111111
1111111111111111
1111111111111111
1111111111111111
0000000000000000
0000000000000000
0000000000000000
0000000000000000
?
11111111111110000
11111111111111100
11111111111111100
11111001111111110
00000000001111110
00000000001111110
00000000000111110
00000000001111110
00000000001111110
00000000011111100
00001111111111000
00111111111110000
00111111111110000
00111111111111100
00000111111111110
00000000011111111
00000000000111111
00000000000111111
00000000000011111
00000000000111111
00000000000111111
00000000001111111
11111101111111111
11111111111111110
11111111111111100
11111111111110000
00000000000000000
00000000000000000
00000000000000000
00000000000000000
?
00000000000111111000
00000000001111111000
00000000001111111000
00000000011111111000
00000000111111111000
00000001111111111000
00000011111011111000
00000111111011111000
00000111110011111000
00001111100011111000
00011111000011111000
00111110000011111000
01111100000011111000
01111100000011111000
11111000000011111000
11111111111111111111
11111111111111111111
11111111111111111111
11111111111111111111
00000000000011111000
00000000000011111000
00000000000011111000
00000000000011111000
00000000000011111000
00000000000011111000
00000000000011111000
00000000000000000000
00000000000000000000
00000000000000000000
00000000000000000000
?
1111111111111110
1111111111111110
1111111111111110
1111111111111110
1110000000000000
1110000000000000
1110000000000000
1110000000000000
1110000000000000
1111111111000000
1111111111110000
1111111111111100
0001111111111110
0000000011111110
0000000001111111
0000000000111111
0000000000111111
0000000000011111
0000000000111111
0000000000111111
0000000000111111
0000000001111111
1111101111111110
1111111111111100
1111111111111000
1111111111100000
0000000000000000
0000000000000000
0000000000000000
0000000000000000
?
0000001111111111110
0000111111111111110
0001111111111111110
0011111111100111110
0011111100000000000
0111111000000000000
0111111000000000000
1111110000000000000
1111110000000000000
1111110111111110000
1111111111111111100
1111111111111111110
1111111110111111110
1111111000001111111
1111110000000111111
1111110000000111111
1111100000000111111
1111100000000011111
1111110000000111111
1111110000000111111
0111110000000111111
0111111000001111111
0011111110111111110
0001111111111111100
0000111111111111000
0000011111111110000
0000000000000000000
0000000000000000000
0000000000000000000
0000000000000000000
?
11111111111111111
11111111111111111
11111111111111111
11111111111111111
00000000000011111
00000000000111111
00000000000111110
00000000001111100
00000000011111000
00000000011111000
00000000111110000
00000001111100000
00000001111100000
00000011111000000
00000111111000000
00000111110000000
00001111100000000
00001111100000000
00011111100000000
00111111000000000
00111111000000000
00111110000000000
01111110000000000
01111110000000000
01111110000000000
01111100000000000
00000000000000000
00000000000000000
00000000000000000
00000000000000000
?
0000011111111110000
0001111111111111100
0011111111111111110
0111111110111111110
0111111000001111110
0111110000001111110
0111111000001111110
0111111100001111110
0111111111001111110
0111111111111111100
0011111111111111000
0001111111111110000
0001111111111111000
0011111111111111100
0111111111111111110
1111111001111111111
1111110000011111111
1111110000001111111
1111100000000111111
1111110000000011111
1111110000000111111
1111111000000111111
1111111110111111110
0111111111111111110
0011111111111111100
0000111111111110000
0000000000000000000
0000000000000000000
0000000000000000000
0000000000000000000
?
0000111111111100000
0001111111111110000
0011111111111111000
0111111110111111100
1111111000001111110
1111110000000111110
1111110000000111111
1111110000000111111
1111100000000011111
1111110000000011111
1111110000000111111
1111110000000111111
1111111000001111111
0111111110111111111
0111111111111111111
0011111111111111111
0000111111110111111
0000000000000111111
0000000000000111111
0000000000001111110
0000000000001111110
0000000000011111100
0111110011111111000
0111111111111110000
0111111111111100000
0111111111110000000
0000000000000000000
0000000000000000000
0000000000000000000
0000000000000000000
?